PosX=2012.002807
PosY=-1435.380126
PosZ=13.554687
PosR=100.000000
VW=0
Namekhuvuc=Khu an toan
