PosX=1810.051269
PosY=-1573.739013
PosZ=13.489669
PosR=150.000000
VW=0
Namekhuvuc=VÍP
