PosX=1184.092651
PosY=-1323.818237
PosZ=13.575373
PosR=100.000000
VW=0
Namekhuvuc=Khu an toan
