PosX=2791.286376
PosY=2394.593750
PosZ=1240.531127
PosR=100.000000
VW=0
Namekhuvuc=Khu an toan
