PosX=-2433.134277
PosY=523.322448
PosZ=30.374954
PosR=150.000000
VW=0
Namekhuvuc=KHu an Toan
