PosX=1472.857788
PosY=-1660.977294
PosZ=14.742743
PosR=50.000000
VW=0
Namekhuvuc=Khu Vui Choi
