PosX=2556.004882
PosY=1417.592285
PosZ=7703.704101
PosR=100.000000
VW=0
Namekhuvuc=Khu an toan
