PosX=1764.571411
PosY=-1894.306762
PosZ=13.561694
PosR=100.000000
VW=0
Namekhuvuc=No Kill
