PosX=-4423.518066
PosY=890.517700
PosZ=989.821655
PosR=100.000000
VW=0
Namekhuvuc=Khu an toan
